249944 5252910
405230 8516204
209808 4409196
4845 102490
263516 5539716
583269 12256414
101612 2135585
654303 13750000
28730 604439
20043 421570
32080 674204
172794 3631096
295200 6204001
598080 12568420
153360 3225179
684 14420
21090 443388
332112 6981649
638205 13412514
100206 2105812
112723 2371074
58308 1227410
254583 5352084
35084 738042
410958 8636284
126840 2665828
269598 5665384
22650 476044
187479 3941392
188640 3965188
9918 208659
235056 4940496
150800 3169404
200725 4218050
106590 2240864
484036 10172378
249425 5241504
286016 6012008
135044 2840660
65928 1385363
310050 6516904
306720 6446662
364536 7662397
613440 12890551
84912 1784664
16947 356710
526164 11057924
72312 1519752
561666 11803076
63684 1339747
649615 13651682
152864 3213801
251482 5285312
12136 255341
38448 808348
378594 7957147
332484 6989162
671538 14112871
133824 2812076
668745 14052658
136800 2875404
593747 12477804
750384 15768104
260172 5467477
104648 2200914
586612 12328658
44897 944648
231215 4860108
565952 11892692
28981 609554
323400 6797410
434824 9137184
86086 1809669
202538 4256396
402048 8450500
61824 1299205
18693 393428
10752 226342
8064 169465
572616 12032662
495726 10416984
162000 3406216
4272 89924
125745 2643886
40320 848180
437664 9198514
710184 14923774
442890 9307428
394240 8286324
37800 794714
56536 1188222
214500 4508404
112080 2355244
227740 4787562
9804 206629
63261 1329538
489064 10277381
823004 17294580
90584 1905752
123132 2587388
69917 1470068
170461 3584534
350812 7373153
100776 2119173
192510 4046744
332630 6990044
124025 2607194
19188 403628
304707 6405442
100305 2108164
584660 12287133
33212 698444
122018 2565593
538656 11321192
834600 17537732
10005 211240
18620 392298
185493 3898360
52542 1105024
336319 7070126
129876 2731508
640395 13456944
375532 7891649
378486 7954567
43400 913419
10164 213734
42510 894404
294840 6197559
59466 1250116
230958 4853671
121905 2561764
78960 1659724
406410 8542271
360720 7582144
51030 1074091
510704 10731821
121695 2557978
232470 4885072
123713 2600486
148971 3133348
396836 8341646
339150 7127679
501291 10535656
766592 16109460
199420 4191659
309364 6501276
78854 1658252
38367 806530
208810 4389096
249049 5233556
464486 9760359
189475 3983204
34656 728404
241424 5074016
157184 3304196
327019 6871836
154752 3252214
636272 13370088
14469 304542
161916 3404257
695760 14621104
8960 188892
867680 18233348
489450 10286904
719023 15110394
246740 5184924
121002 2544400
347764 7308027
115549 2428080
227934 4789777
4584 96424
110 2340
243202 5112329
242346 5095484
189712 3988298
250614 5267539
61824 1299504
66674 1401536
129823 2728848
355640 7475243
22568 475284
40176 844402
102695 2159654
97112 2040942
24960 525828
29391 618528
345930 7269604
35904 754872
102051 2146468
20790 437179
58241 1224872
853244 17929412
150822 3171088
126100 2649794
915065 19228446
342164 7191324
426721 8969036
60696 1277428
57152 1202640
582936 12250513
238005 5003140
42975 904962
65270 1373456
594320 12490604
79600 1672644
419760 8821828
90193 1895370
69426 1460589
110853 2332168
165288 3474744
12103 254414
703 14780
189007 3974390
234986 4938519
733194 15406945
684139 14376816
53297 1122140
408270 8579381
697872 14665768
296637 6233320
293168 6163058
99760 2097200
444404 9338754
2040 42909
279576 5876248
356200 7487328
176800 3718212
586210 12318344
15662 329439
36160 760833
602004 12650707
686202 14420828
231322 4863005
505410 10620244
34200 718984
40740 856909
476010 10004209
10140 213334
314452 6610100
198768 4176758
20976 441124
214840 4516974
1692 35614
32154 675836
525215 11037696
245329 5156424
696864 14643430
616875 12962504
88228 1854573
605027 12714320
176886 3717028
375927 7900282
33600 706228
163261 3432138
186501 3919762
83628 1758818
330154 6937775
781998 16433220
382128 8030620
26846 564576
4592 96618
541725 11385316
4850 102504
109414 2300831
99360 2088436
286740 6026146
555698 11677956
189856 3990516
537336 11292016
586936 12334214
357399 7510934
12648 265833
184910 3885779
50250 1057867
173040 3637861
137196 2884006
199717 4197662
676033 14206928
93558 1967140
102054 2145036
158218 3326885
59185 1244046
225774 4745665
466718 9809259
200990 4225968
23871 502712
29756 625439
39060 821044
311 6548
623832 13110200
473304 9945784
33915 712960
7480 157370
541233 11374906
424581 8922198
532575 11192854
195040 4099289
41236 868157
137280 2884743
156152 3282602
300492 6316719
87980 1849742
142618 2997153
513128 10783700
124545 2619934
29848 628164
886402 18626627
360208 7570599
47712 1004725
194445 4089004
50880 1069264
7790 164127
161448 3393636
778800 16366244
182689 3840360
370252 7783148
360297 7571974
298350 6271100
33572 706017
921479 19363400
939424 19740219
273308 5743385
341415 7174984
28952 609998
272550 5728039
424228 8916020
74836 1574316
643205 13515798
695526 14615449
317904 6682969
499472 10496573
235638 4952848
40108 844196
151960 3194934
282277 5933528
831176 17465828
330165 6939904
334126 7021356
487500 10244004
829917 17440078
779289 16376292
211032 4434484
51216 1077256
155820 3275669
302170 6350904
25345 534030
121716 2558731
293725 6173156
260028 5465428
429357 9023014
714012 15004604
252495 5306026
39151 822786
428040 8996384
35028 737399
230632 4846578
17110 360068
677595 14238352
371475 7808584
76422 1608389
3276 69034
453348 9526994
230640 4846564
309055 6497270
955416 20076324
299105 6285980
101920 2141780
249696 5249236
22680 476674
624750 13129504
75306 1583549
468464 9844716
278559 5856412
539748 11342044
38500 810324
115018 2418788
75032 1577834
526706 11069631
357645 7517894
430464 9047652
113643 2389198
153080 3219312
562100 11813594
759190 15953264
303550 6380625
645354 13561096
106624 2241656
235560 4950820
153676 3232049
126420 2658646
294272 6184292
669392 14067402
273636 5751508
100440 2110999
153054 3216712
107100 2252419
328440 6904420
86764 1824635
2379 50002
38800 815454
678694 14262627
114202 2402393
99603 2095294
30461 640764
92351 1941546
342200 7192340
310800 6533629
337642 7095959
485982 10212789
816202 17151855
651406 13689696
449690 9449552
143190 3009399
89428 1880046
105937 2228334
49912 1049040
347931 7314056
418584 8795832
458313 9633326
1600 33656
2185 46136
95524 2007867
86254 1812651
296400 6228356
486402 10221180
415508 8731340
68115 1431654
561848 11807028
192178 4040565
119799 2519176
107070 2251828
318010 6685221
684000 14373754
362502 7617889
129780 2727204
542250 11396653
66248 1393409
163944 3446260
157979 3320670
35956 756237
69106 1452647
765974 16096040
15450 325104
74052 1558242
420000 8826829
147086 3092619
378129 7947512
176673 3714414
467604 9826942
113919 2396190
181500 3815794
328476 6902836
110814 2330387
577840 12142704
84160 1769444
618150 12989396
20916 440059
636363 13373728
163968 3448324
4650 97719
56787 1193428
41237 866540
69936 1470493
312430 6565116
104720 2201334
143980 3026574
323750 6805488
380492 7996940
485832 10210965
272610 5729884
516255 10849614
121814 2560100
363006 7629227
72375 1522388
229125 4815854
423584 8901612
367159 7716362
42925 902742
111741 2348112
131179 2757792
894208 18790020
254282 5343657
615984 12943806
848216 17824448
31020 651853
85100 1789028
98438 2069360
34344 721917
336336 7068637
349398 7342861
300464 6315234
212036 4456868
149814 3149491
237726 4995916
71340 1499743
106166 2232324
141364 2971716
5075 106956
119416 2510132
106005 2227552
252343 5303484
602896 12670817
453801 9535766
133062 2798609
253680 5330924
114540 2407502
452371 9506958
106240 2233124
828360 17407069
65120 1368954
529188 11121103
85956 1808044
170562 3584627
169735 3569756
31122 654112
1608 34084
53395 1122066
302728 6363519
161205 3387454
139140 2924284
379692 7981297
907184 19063140
259128 5446294
298642 6278532
26928 566376
39501 830266
184198 3873531
252810 5312459
204258 4294024
265012 5569377
227799 4789360
11928 251220
89333 1878038
817024 17168324
394939 8299742
281489 5916044
255024 5361787
107590 2262839
23146 487916
403850 8486184
157605 3314844
75825 1595254
266216 5594583
732096 15383614
3060 64381
530178 11140944
25760 541874
620018 13028975
258912 5440549
3724 78390
372123 7821334
104804 2203449
524832 11030212
77660 1632294
739590 15542197
215046 4519012
177642 3735907
549036 11537612
157430 3308283
135033 2839714
48750 1025704
823050 17295559
199584 4194271
6768 142288
50220 1055794
137020 2879634
242784 5102121
561180 11792116
124530 2617864
242015 5088624
16872 354810
548900 11534054
285115 5993256
367233 7718410
139720 2935944
13770 290227
350700 7371529
577299 12131044
217722 4575572
117359 2467494
229086 4814528
41624 875226
52353 1100236
26381 554408
747592 15709602
524784 11029516
36424 766949
163999 3446414
345030 7251679
168696 3545428
553926 11641264
98810 2078147
304056 6391576
65481 1376054
6877 144720
43080 905464
352079 7400306
228390 4799184
71724 1508015
74210 1560767
445073 9353336
206973 4351338
67650 1422604
295616 6214388
66785 1404894
271755 5710824
383194 8054124
248472 5223220
267154 5616036
64377 1352818
476136 10006816
64860 1364508
12806 269424
70245 1478048
545615 11465654
77010 1618540
276832 5817740
82070 1725359
817116 17171062
2532 53215
282750 5941979
453420 9528259
50394 1059721
110532 2323139
405020 8512262
110016 2312823
117327 2465834
178320 3747844
59136 1243004
218670 4597196
104687 2202422
514578 10814163
125136 2630434
227682 4784940
199182 4186297
780 16644
10098 213349
377572 7936140
159759 3357322
452088 9500950
123625 2598924
40105 843054
243307 5115522
198440 4172574
773311 16250546
17639 370826
436258 9169989
397900 8363379
105300 2213332
443812 9328025
206736 4344528
389952 8196484
33480 703890
801820 16849313
78030 1640623
75900 1596764
377140 7927029
90420 1902386
240870 5064319
169174 3555921
12032 253508
54815 1152354
313544 6591045
25215 530052
217071 4561966
82091 1725254
684648 14387635
33912 713092
409200 8598924
265720 5583920
58410 1228759
684864 14391196
475300 9987674
37310 784047
171535 3604878
410935 8635008
253115 5320034
84490 1776504
8120 171434
260883 5482278
55275 1161754
42504 894681
258552 5434042
77520 1628964
226950 4771739
118365 2488204
683673 14367680
718760 15103779
255192 5363495
93522 1965383
684320 14380500
382045 8030034
860188 18075236
208884 4391924
12688 266790
187090 3932339
10000 210212
13581 285556
4464 94216
197847 4158002
692946 14562556
533686 11216432
215344 4526700
139107 2924722
740413 15559038
338624 7115684
12816 270297
338004 7102885
246656 5184668
47503 998438
676904 14224920
41292 867942
379864 7982504
441288 9273370
65250 1371424
289188 6079738
150406 3162612
64525 1356186
462672 9723487
463890 9750248
108970 2290584
27720 583034
182385 3832546
169287 3557878
67784 1424430
478296 10051812
138852 2918535
78351 1647286
83316 1753046
23834 500960
31850 671129
102460 2154108
133770 2811085
72747 1529472
358605 7538314
508834 10692876
145140 3052546
175824 3695194
104667 2201274
229059 4813870
151308 3179578
259216 5447076
4179 87854
84366 1775044
16192 340634
182113 3827874
128874 2708191
325637 6844634
43737 919274
88655 1863306
440348 9254670
41076 864719
128368 2699424
788319 16566052
35420 744539
272064 5717404
88572 1861602
481945 10128194
4356 92052
33880 712199
6820 143939
370830 7793544
228650 4805151
138600 2914244
419705 8821440
253870 5334719
331056 6959044
477183 10029310
274724 5773706
612017 12860538
307326 6458933
73712 1549724
95226 2002051
266168 5594628
630480 13249314
110005 2313294
89250 1877569
832 17645
583544 12263840
161925 3405382
29189 614286
137780 2897700
210975 4436134
406728 8547844
454656 9554436
48174 1014479
263952 5547559
17016 357652
256036 5383338
27456 578608
245775 5165686
82855 1742910
446400 9380644
205176 4311378
129780 2728660
520 10976
40033 841334
24168 509014
1512 32107
371628 7811446
193200 4061572
239739 5040646
30613 644450
539220 11332204
94200 1980245
82944 1743232
721065 15152704
219232 4609115
524643 11025060
47328 994646
54510 1146768
69324 1457225
145992 3069840
20868 439454
164379 3456500
263165 5531214
32574 685215
610845 12835978
13314 279871
433218 9105616
7440 156868
55278 1161804
27135 570710
375452 7892075
313458 6589564
261440 5495184
85070 1787696
29900 629204
233446 4906296
27904 587405
560048 11768396
4484 94415
49764 1047310
826378 17365395
83280 1750444
141050 2964329
149688 3145909
19614 412444
255075 5360284
351480 7386336
271551 5708672
15897 334114
80311 1688472
717744 15082859
2790 58659
91540 1923839
400059 8407080
131285 2759810
372491 7827762
212652 4470350
680050 14290479
540678 11361808
93141 1957668
745056 15656528
44505 935194
117 2578
33660 708190
119232 2505670
428904 9012760
524308 11017700
703100 14775374
185505 3901004
7913 166710
324610 6822716
172584 3627934
636030 13365292
86190 1812204
241256 5071892
195755 4114044
310535 6525906
601218 12635488
604324 12700740
199633 4196990
346968 7291090
4410 92887
629592 13230653
64548 1356370
405002 8510519
12384 261004
436674 9177464
62168 1306520
35316 742693
51500 1082804
103486 2174744
625086 13136248
60632 1274420
313272 6584670
331326 6963908
20061 421636
79218 1664635
485184 10197604
562800 11826604
123240 2590098
201960 4245025
80028 1683634
188470 3960929
206793 4346986
180873 3800794
85707 1801008
54264 1140276
40560 853792
3384 71172
548685 11531294
6016 127172
255012 5359364
247434 5199407
643284 13517652
292400 6144824
110257 2317130
161196 3389059
300950 6324179
140056 2944911
148613 3125466
403604 8481252
24288 511196
404838 8507569
444413 9339450
276223 5804340
214175 4501904
427700 8990154
494520 10391684
409122 8599015
94710 1992112
187695 3945382
31590 664447
129311 2718174
326836 6868812
64542 1357804
512278 10766240
86427 1816258
160060 3365190
162870 3422588
60860 1280391
597918 12565135
167322 3516847
614328 12910200
52866 1112504
327180 6876114
389456 8183832
223856 4704516
27246 572664
524960 11031236
208854 4389617
129479 2723600
422280 8874514
45846 963823
82209 1729006
80920 1701144
366582 7705649
212856 4473802
347588 7305228
80542 1693388
54870 1153808
10110 212704
218196 4585084
164192 3450948
35760 751484
36025 757244
619736 13024431
656697 13800768
348480 7322803
50370 1059672
149118 3133744
190638 4008043
13570 285273
259752 5458904
164430 3457129
214288 4503120
4879 102554
360000 7565204
526854 11072180
225008 4730268
697230 14651740
529152 11120308
379816 7981262
44694 941061
62868 1321246
318308 6691323
129808 2729144
41910 881765
362230 7612125
336375 7068364
125706 2641728
119600 2515829
68890 1448852
25515 536274
9996 211012
79459 1670996
73295 1540590
126918 2667856
9595 202734
625359 13141370
726736 15272484
459118 9648099
218800 4600004
50080 1052724
129122 2715752
438864 9224676
279347 5871608
846940 17797457
352170 7401164
286350 6017839
494780 10399380
359450 7554369
3492 73570
620496 13040092
43050 905120
83845 1763414
451449 9486764
411060 8638894
39411 829598
141564 2975292
429332 9023685
151000 3174254
269003 5655086
784800 16492140
11858 250023
520208 10932900
392630 8250369
484920 10190344
37236 783091
458293 9632880
171738 3609895
828198 17403628
175956 3699513
388341 8161834
420562 8838033
2196 46159
155730 3272596
119340 2510564
157845 3318064
49392 1039784
19389 407472
242352 5092932
309756 6511354
186684 3922812
639723 13443846
402536 8460228
57132 1202467
125430 2636972
328020 6893039
248930 5232279
284890 5986724
711144 14943739
145780 3063308
505254 10618684
238854 5020215
238135 5007144
76220 1603029
400589 8420472
276640 5814384
761530 16002144
472054 9919287
33072 696583
420019 8827254
343476 7218499
10030 211076
661416 13899412
16771 352598
13984 294266
261608 5499284
461580 9699554
849366 17848156
637296 13393373
18737 394014
669280 14064140
645660 13568809
1722 36244
134504 2829060
505431 10622258
315520 6630344
3358 70821
421382 8855448
41850 880804
13800 290454
59592 1252788
129614 2724875
683829 14371034
123322 2592327
828140 17402397
122760 2581994
296856 6240532
537383 11292054
108647 2283138
625372 13141539
39962 840584
15042 317303
152592 3208193
226440 4761016
122330 2570624
28420 597461
118737 2495652
13525 284354
662235 13917274
102786 2161396
570968 11998080
26226 551361
73914 1553849
438084 9206476
338063 7104800
587448 12346006
316000 6642504
96867 2036044
61920 1301442
27324 574380
105360 2214124
139160 2924184
42042 884745
282240 5931412
556068 11685180
16994 357255
180544 3793794
25413 535354
24472 514904
36312 763713
111683 2346920
650760 13674544
5704 120087
178464 3752324
205954 4329107
30300 638254
256640 5394657
33744 709122
195244 4103586
283290 5955555
212823 4472160
158465 3330434
457610 9618524
288837 6071808
97812 2055343
178354 3748584
325992 6850724
108400 2279927
7632 160588
41976 882644
163372 3434924
317504 6671852
34062 715852
75946 1596521
271115 5699724
87912 1848080
46482 977712
67424 1417026
320250 6730805
582930 12249789
448063 9416204
177996 3741469
284886 5986809
469536 9867228
314496 6609412
306000 6430424
326830 6868712
654160 13746204
598674 12580972
310232 6518958
152760 3212904
187683 3944194
233352 4906415
720819 15147720
11625 245104
95570 2009444
729012 15319253
204300 4293255
244400 5136629
95586 2009637
124640 2619420
69525 1462954
5382 113195
345625 7263264
496688 10438148
665 14216
8526 180181
10146 213564
144117 3029568
299132 6286092
553175 11626104
208653 4387476
185997 3910582
102204 2148459
111503 2343114
387393 8140678
373464 7848676
472226 9925148
314657 6614990
92224 1940114
845460 17765766
237164 4984101
526761 11069096
639392 13437038
655632 13777324
45808 962700
101640 2136160
483700 10166687
66856 1405566
281736 5922544
96425 2026814
697296 14653568
88640 1863524
30956 651497
124344 2613802
53460 1124809
150232 3157190
5090 107024
68511 1440334
864 18356
515496 10832752
950616 19975576
551244 11584539
26800 563844
418488 8796520
266556 5601463
224694 4723024
104390 2194092
194004 4078066
124089 2607602
620368 13037664
404974 8511660
66442 1398393
231012 4854883
3654 77492
113553 2388244
428576 9006236
23976 503812
211224 4439764
221374 4652615
106926 2247296
690580 14512623
122158 2568000
48790 1025504
482976 10151444
139221 2927272
223648 4699745
118974 2501721
133532 2807634
182436 3834748
288108 6056473
124530 2617864
795267 16711414
883717 18569748
54516 1145607
285200 5995184
272220 5721161
280566 5896141
461114 9691380
742000 15593028
37433 787176
473256 9944932
77546 1631109
460464 9676807
48804 1026162
26418 555744
64722 1361259
288912 6073175
621486 13060011
151500 3185404
39700 835004
534800 11239904
714588 15015764
181227 3808280
283955 5968610
64980 1366066
292726 6152528
58026 1220032
31524 663854
356208 7485078
406912 8552228
146672 3084744
216630 4552627
707336 14863719
624660 13127198
100128 2106566
327684 6885645
25056 527311
84600 1778554
249010 5234024
348880 7331580
162000 3404344
710585 14933144
328836 6910786
508270 10680564
155952 3277804
467847 9833644
365516 7682964
343275 7213264
193024 4058409
384452 8079099
312676 6570932
56212 1182900
719742 15125428
371602 7809080
190247 3999884
221023 4645166
356524 7492572
258000 5424504
218027 4581990
719810 15126297
620136 13031154
6300 132850
220032 4624420
34200 719140
155800 3273936
384296 8076512
11176 235844
41600 874449
31759 668126
13984 293967
186018 3909060
135420 2847789
1322 27792
41748 877258
86028 1808334
658273 13833110
136462 2867552
181536 3815484
49140 1033699
341728 7182428
320320 6731300
134142 2820665
87400 1836600
170183 3577058
202413 4254928
77050 1619796
31261 657044
178752 3757618
62580 1316004
52865 1111586
227551 4782644
166992 3509020
341850 7185744
2808 59141
605052 12715014
49044 1031514
183305 3853374
184778 3885633
428244 9000434
590464 12408315
150804 3171490
52316 1100148
140301 2950966
297404 6249362
80340 1689172
101150 2126364
123012 2585908
441441 9278546
256662 5393689
97680 2053208
87914 1849136
599196 12591804
485305 10197974
29928 629610
276 5852
319972 6725643
83058 1747056
171948 3613226
431844 9076996
4890 102759
90342 1898824
205668 4324154
537845 11302614
5678 119684
380831 8002512
351073 7379934
5580 117314
18048 380260
609712 12813303
252954 5317537
160082 3365132
119310 2508179
304146 6394207
331398 6965329
252859 5313852
612465 12870414
627498 13185769
279006 5864824
121836 2561329
91296 1919092
399150 8388004
110814 2329945
45962 965843
185070 3888892
214179 4500584
127000 2668655
269468 5664084
184704 3882636
573066 12043633
237072 4984353
184015 3867530
628294 13202420
52890 1113489
505850 10631564
307615 6464924
63516 1335582
368009 7733120
58500 1229674
73526 1546572
39024 821380
746977 15696440
370640 7789320
84920 1784754
30380 638790
178374 3748679
216762 4555555
524051 11013798
284280 5975240
430400 9045398
5117 108020
53900 1134179
5174 108996
264000 5547904
260130 5466504
450369 9464110
175380 3688119
182294 3833456
57134 1201092
33948 713510
145152 3051940
65560 1379624
39996 841636
83072 1747584
656600 13797314
235410 4948983
73670 1548881
70464 1480996
400770 8421868
7365 154864
375596 7892759
846814 17794772
101548 2133890
323468 6798279
243318 5113855
37536 790028
307075 6453194
78116 1641974
231546 4866344
211896 4452979
657286 13812188
441649 9282966
424840 8928911
327712 6888872
281596 5919396
182962 3845157
154336 3243426
102000 2143772
769588 16172298
228468 4803994
6573 138310
425820 8949556
225765 4746724
49452 1039510
82836 1741094
390720 8211364
675392 14192232
39480 829604
883080 18556280
116861 2455866
478856 10062519
403269 8476284
498136 10468244
631488 13271119
855544 17978336
542050 11390672
264388 5556234
93555 1966804
398464 8375106
329511 6924376
259204 5449437
254288 5344836
17181 361702
247121 5193458
957462 20119420
390558 8208833
43722 919804
660069 13871632
64641 1358596
804894 16913477
61380 1291402
28224 593800
669120 14060585
353000 7419504
123200 2589804
128212 2694185
229636 4827222
247500 5202652
847152 17801740
624455 13123166
259170 5446019
353419 7426496
76465 1608434
411840 8655404
579772 12184979
17887 376034
84364 1773351
639955 13448744
180601 3796694
12496 263564
693500 14572994
369325 7761354
86534 1818492
374946 7880448
457938 9624736
379636 7977924
276597 5814014
814374 17113441
198531 4172314
619630 13020749
497014 10444344
44232 930852
413672 8695215
430100 9039579
190920 4012210
149856 3149879
634440 13332084
109039 2293190
829840 17438084
126191 2652888
305233 6416774
247390 5199692
195818 4117304
112800 2370637
338120 7105659
314548 6612350
231101 4858026
421080 8848404
622804 13088690
5408 113910
201146 4229868
534310 11228249
49530 1042669
851925 17902402
678694 14262627
250425 5265130
27930 586924
256738 5395064
53286 1121168
41919 882344
102068 2145486
83781 1760796
64186 1349652
79953 1680148
493506 10370052
227553 4782556
722016 15171908
11418 240211
632667 13294344
166581 3501104
298779 6280720
436692 9176425
251580 5288644
53960 1134399
764306 16060856
170718 3587968
33012 693802
28667 603428
499230 10492219
74563 1568076
245110 5152332
282200 5931729
57730 1213829
108500 2280324
316540 6651543
9996 210804
82944 1744324
864 18382
624456 13122784
809685 17014504
135774 2853481
76908 1616203
681720 14326004
168411 3539482
305225 6415202
9263 195294
4509 94810
498432 10476228
395769 8318134
455628 9574900
36084 759029
608580 12789739
144504 3037396
213026 4479023
132 2802
336528 7073761
14476 304364
347424 7302772
276690 5814979
86718 1823019
43320 910959
162150 3408209
102816 2160908
252450 5306979
98835 2077684
378352 7951142
468012 9834964
77953 1638798
152056 3197496
460320 9672964
63756 1340596
141855 2980870
379488 7976220
308400 6483086
206190 4333387
150698 3168588
133175 2798954
73920 1555236
533673 11214820
272090 5718288
51025 1073570
270474 5684716
350424 7363744
714350 15011559
693792 14580075
156370 3286244
35156 738852
28704 603464
245106 5151208
566048 11896398
53118 1116496
239888 5042540
718740 15102982
316092 6644397
186592 3920984
518502 10896580
319332 6712918
17670 371477
91884 1932532
128028 2690425
193806 4072452
2884 60932
738045 15509102
350139 7357876
373520 7849956
166941 3508924
9065 190850
139104 2925556
176136 3702058
782068 16434716
934765 19642406
531920 11178254
59532 1251749
362460 7617124
34825 731784
58201 1224084
140778 2959423
141942 2983984
250112 5255684
239682 5036680
437376 9191868
266303 5596046
353565 7431174
321818 6762888
160268 3368310
210396 4421791
131040 2756212
81685 1716494
54431 1144082
231000 4854254
313880 6598400
272538 5727319
70092 1474510
744 15706
635154 13346857
97954 2058780
112359 2361220
2080 43892
57300 1205254
43960 924984
43020 904009
251748 5291041
147074 3092484
185760 3905644
198900 4180284
385805 8108552
28000 589824
589389 12385870
599280 12593464
770528 16191440
1820 38289
26730 561763
3312 69634
443333 9315860
194880 4096644
96036 2019516
15876 333634
119520 2513668
262500 5516404
346690 7285304
111936 2354794
218772 4598818
107040 2249404
369512 7767192
10764 226282
663648 13946284
85587 1799164
90896 1910172
165420 3476164
63147 1328912
18102 380419
246174 5173129
27807 584458
438100 9208554
778800 16365529
547960 11515809
328276 6899364
605206 12717416
39424 828740
17442 367027
75924 1595851
506340 10640710
70070 1473840
11556 243031
171781 3611084
248105 5214720
167796 3527828
789785 16596240
13833 291628
347536 7303538
183189 3849924
58536 1230664
614460 12913674
110960 2332634
106932 2248189
19312 405998
95029 1997732
344859 7247464
697190 14651472
313325 6585224
93860 1973534
16182 341035
321286 6751833
453606 9532477
63750 1339859
155043 3260080
138852 2918158
210958 4435920
143166 3009389
457888 9624180
81098 1704180
237168 4986850
72369 1521742
145350 3056553
213525 4486876
290363 6101436
508164 10679716
642546 13502011
291810 6132629
297571 6253376
25800 542584
154504 3246902
678436 14256884
196834 4136807
66505 1399664
646072 13576148
75516 1588661
531840 11176964
9178 192911
329560 6925769
20776 437028
306016 6433152
338097 7105878
265098 5571469
486570 10224344
338381 7112804
579464 12177081
71200 1496244
1508 31841
70400 1480692
467748 9831019
174270 3662079
69192 1454648
47724 1003807
90524 1902386
370755 7792294
13482 283945
62752 1319720
114519 2407204
933882 19623889
279366 5872683
24986 525048
42688 897284
12474 262387
474045 9961540
623570 13103229
311283 6542498
101660 2138244
96672 2031598
573377 12050112
238656 5015212
689388 14487708
1972 41793
345605 7263026
107590 2261279
387324 8139086
560814 11785145
21225 446054
46500 978129
159488 3352164
73980 1555924
401638 8439719
342188 7192244
15555 327322
699618 14701368
707283 14863360
916000 19247912
195200 4102376
165132 3470350
582036 12231548
108630 2284549
189750 3988329
471663 9913338
317643 6674914
321984 6767752
900794 18928664
4950 104604
4080 86347
6929 146046
40230 846771
14400 303444
110826 2330756
430650 9050440
234256 4925672
89040 1871404
302148 6350780
262200 5512184
233450 4906640
8151 171604
751140 15784084
7189 152000
1584 33307
50554 1063731
262654 5522381
61705 1298604
117117 2463010
261211 5489036
281428 5916869
6643 139598
100362 2109283
523488 11000714
40986 863284
296856 6238816
28016 588782
644613 13547134
693835 14579886
166740 3504274
257600 5415428
182910 3843649
75849 1594536
7161 150814
138885 2919644
207834 4368184
501720 10543469
14388 302581
391345 8223644
33462 704903
238456 5011844
244998 5149499
97272 2044900
176628 3713859
102664 2160017
3045 64144
162750 3422304
175692 3692682
269856 5670724
117924 2478020
362838 7625959
424394 8918037
729764 15335162
308295 6481050
12338 259505
572572 12032804
136315 2865206
618144 12990804
473535 9952286
14720 310619
620712 13044043
89938 1891731
865824 18194372
238140 5005156
9487 199920
332134 6981149
57065 1199838
376142 7904069
6936 146544
153720 3232882
414990 8720995
18720 393969
311157 6540138
710 14940
267231 5615508
76082 1599143
83187 1748452
483873 10169826
300830 6321789
270456 5684182
660280 13874724
30084 633562
154119 3238830
1243 26250
122174 2568960
654710 13757468
34416 724612
306067 6432884
408125 8578754
542290 11396024
1128 23770
69405 1458874
707202 14861360
600096 12611796
94952 1995348
353871 7436092
19600 412644
138276 2908142
468026 9836493
284739 5985334
103168 2169756
63990 1345848
333984 7019206
58072 1221063
135379 2847266
122427 2573870
198682 4175472
2376 50212
31200 655724
110432 2321988
148108 3113444
24598 517836
765776 16092168
222024 4665524
714 15180
734965 15444734
197936 4160274
518010 10885455
166522 3500580
570176 11981552
86268 1814713
355484 7471551
82170 1726861
254898 5356684
384048 8071616
95551 2007966
137158 2882948
203850 4284364
112200 2359064
182533 3836408
290400 6104124
108851 2290074
213058 4478213
26208 552244
171213 3598896
797792 16764764
311460 6545318
107950 2268605
645408 13562204
259875 5461240
331925 6975044
176059 3702144
70668 1486060
221801 4661634
333564 7010035
145125 3050554
232309 4884096
142663 2998254
31175 655238
621105 13052374
312689 6571140
152280 3201550
216200 4545092
192465 4046046
34480 725124
255168 5362276
230308 4841828
642912 13510568
204491 4297214
467808 9830836
827148 17381851
71024 1492704
215628 4531286
165086 3471932
517341 10872888
314760 6614722
666862 14014025
319104 6708390
767844 16135531
317824 6679716
848085 17820982
454682 9556412
275706 5793964
80448 1691908
4758 100260
628145 13199564
106920 2247079
162800 3423614
497306 10450827
239992 5043242
10600 223124
697202 14650827
317538 6675205
213580 4489019
232404 4885194
545 11462
26809 564072
18040 379364

